[{"id": 0, "img_name": "0001.jpg", "width": 2637, "height": 1958, "position": [6.645963699988013, 0.3972023338215681, 2.2361206486121064], "rotation": [[0.6436378671946096, -0.10916415733800758, -0.7575046267340012], [0.07580529127808933, 0.9940012781692991, -0.0788353540985133], [0.7615665634630893, -0.006681466476505578, 0.6480520866738618]], "fy": 2937.690000000001, "fx": 2942.11}, {"id": 1, "img_name": "0009.jpg", "width": 2633, "height": 1961, "position": [0.5846632712571019, -0.2874274073187819, -1.4623866368894984], "rotation": [[0.9791729675471816, -0.030389014345102088, -0.20074066739846153], [0.032049180656845776, 0.9994736625273437, 0.005024752580790224], [0.2004823128350016, -0.0113536745772668, 0.979631534940987]], "fy": 2929.67, "fx": 2934.84}, {"id": 2, "img_name": "0017.jpg", "width": 2636, "height": 1962, "position": [-3.8923325938289453, 0.18935048279940095, 0.9299065897657242], "rotation": [[0.9756721433100021, 0.01907888845131974, 0.21840307697954303], [-0.024145649673412983, 0.9994971446234779, 0.020553498550228394], [-0.2179011143168362, -0.02532695631669007, 0.9756421931022345]], "fy": 2940.0299999999997, "fx": 2944.41}, {"id": 3, "img_name": "0002.jpg", "width": 2637, "height": 1959, "position": [5.846011783708143, 0.27750350565750764, 1.6235508871666846], "rotation": [[0.6472048986182846, -0.08181700290016514, -0.7579124116917249], [0.08167806836921764, 0.9959430128991248, -0.03776508454285322], [0.7579273968576449, -0.037463135206357336, 0.6512618580439465]], "fy": 2935.9, "fx": 2938.95}, {"id": 4, "img_name": "0003.jpg", "width": 2637, "height": 1959, "position": [5.008361213942899, 0.19423313949399967, 1.1138045265928735], "rotation": [[0.7541289700653092, -0.061520505293960075, -0.6538382497712384], [0.0919325847587726, 0.9956886645007786, 0.01234822096990235], [0.6502596629771152, -0.0694212224750204, 0.756533409780456]], "fy": 2941.82, "fx": 2945.23}, {"id": 5, "img_name": "0004.jpg", "width": 2635, "height": 1959, "position": [4.492298623100402, 0.1019300636995092, 0.3689584570194094], "rotation": [[0.8283605502240808, -0.08099877835736384, -0.5543087304100386], [0.06810577338468893, 0.9967132006877476, -0.04386801223792116], [0.5560400833895408, -0.001413071352640136, 0.8311543767361234]], "fy": 2941.72, "fx": 2945.52}, {"id": 6, "img_name": "0005.jpg", "width": 2636, "height": 1960, "position": [3.434115108337811, -0.08931038471326057, -0.20368573886357202], "rotation": [[0.8754859872819433, -0.05297292102880701, -0.4803314658972998], [0.055711960435698066, 0.9984101531063176, -0.00856421039638846], [0.480021483850238, -0.019262343392696807, 0.8770453218438159]], "fy": 2935.58, "fx": 2939.07}, {"id": 7, "img_name": "0006.jpg", "width": 2636, "height": 1961, "position": [2.697760072256613, -0.15232825751128148, -0.5758068980156796], "rotation": [[0.9006448544054764, -0.03996513631377571, -0.43271400748347444], [0.045701987856233806, 0.9989510198419453, 0.0028611047805805457], [0.43214575399855043, -0.022352751374229703, 0.9015265841536781]], "fy": 2932.15, "fx": 2935.49}, {"id": 8, "img_name": "0007.jpg", "width": 2636, "height": 1962, "position": [1.8891431307790783, -0.20114706371843463, -0.891388748684458], "rotation": [[0.9468166842018865, -0.033788274379375316, -0.31999456552889455], [0.04006613145827237, 0.9991117623693063, 0.01305340776628801], [0.3192692822110051, -0.025180128252425563, 0.9473294513979623]], "fy": 2935.11, "fx": 2939.91}, {"id": 9, "img_name": "0008.jpg", "width": 2634, "height": 1961, "position": [1.0000651579503543, -0.25143249389789113, -1.309507999822106], "rotation": [[0.9684111743869482, -0.027593891113018333, -0.24782742331592122], [0.026625857462690368, 0.9996191241119502, -0.007257486778099916], [0.24793329402995162, 0.00042961983274434143, 0.9687770402558242]], "fy": 2930.57, "fx": 2935.51}, {"id": 10, "img_name": "0010.jpg", "width": 2634, "height": 1960, "position": [-0.06943178902399859, -0.28727549500221733, -1.3159338495437127], "rotation": [[0.9929496242689213, -0.01976981980296175, -0.1168768778836847], [0.02055308237984457, 0.9997736344951524, 0.005500071634579875], [0.11674168562928429, -0.007863473040368928, 0.9931311852673075]], "fy": 2929.82, "fx": 2936.01}, {"id": 11, "img_name": "0011.jpg", "width": 2633, "height": 1960, "position": [-0.48393263258703134, -0.21618404137758732, -0.9238563009769828], "rotation": [[0.9959108358476608, -0.021552077333428985, -0.08773322013568499], [0.023779421522603338, 0.99941888090784, 0.02442212133982102], [0.08715588944421951, -0.026408499792689635, 0.9958445887951617]], "fy": 2931.2799999999997, "fx": 2937.4}, {"id": 12, "img_name": "0012.jpg", "width": 2633, "height": 1960, "position": [-1.0077493149028243, -0.10917440102543673, -0.5563155757403215], "rotation": [[0.999948212250696, 0.009012093599705397, 0.004728103707326321], [-0.00910127764660488, 0.9997743740264126, 0.01919290739182688], [-0.004554068611307285, -0.019234945227423486, 0.999804619544367]], "fy": 2933.18, "fx": 2940.99}, {"id": 13, "img_name": "0013.jpg", "width": 2633, "height": 1960, "position": [-1.8337930680080072, 0.043586645870220195, -0.11028607927774893], "rotation": [[0.9966903354242644, 0.000817831062814095, 0.08128782241746464], [-0.0018194053142459757, 0.9999233348369982, 0.012248032384339132], [-0.08127157366092443, -0.01235539094233861, 0.9966154119624586]], "fy": 2934.1199999999994, "fx": 2941.9099999999994}, {"id": 14, "img_name": "0014.jpg", "width": 2633, "height": 1961, "position": [-1.8578973460710815, 0.04460428007741484, -0.14263118254972945], "rotation": [[0.9999968811993172, 0.0004353075606499054, 0.0024592884455966278], [-0.00043248357155882246, 0.999999246710938, -0.0011487104439884045], [-0.0024597866353274983, 0.0011476432596575217, 0.9999963161759523]], "fy": 2934.85, "fx": 2940.24}, {"id": 15, "img_name": "0015.jpg", "width": 2633, "height": 1960, "position": [-2.2689311984541147, 0.06222190020510816, 0.038880911376991845], "rotation": [[0.9999226857033096, -0.012368538394484808, 0.0012814024657239493], [0.012359138673075924, 0.9998984113000928, 0.007100628592156638], [-0.0013690966199240173, -0.00708424259382952, 0.9999739692217924]], "fy": 2933.65, "fx": 2937.56}, {"id": 16, "img_name": "0016.jpg", "width": 2633, "height": 1960, "position": [-3.159202125038738, 0.1297831569483541, 0.526790063712552], "rotation": [[0.9893484253902596, 0.010512882601666447, 0.1451867056066052], [-0.009877789195792498, 0.9999382356256091, -0.005094531890362806], [-0.1452312964415692, 0.0036061439214232103, 0.989391162907514]], "fy": 2936.24, "fx": 2941.25}, {"id": 17, "img_name": "0018.jpg", "width": 2637, "height": 1962, "position": [-4.533151367704194, 0.26364123940680634, 1.4275386656728364], "rotation": [[0.932675162336796, 0.051493280034578065, 0.35702302104535655], [-0.060913652917776895, 0.9980275448678391, 0.015183715692454199], [-0.35553694932212765, -0.03590905798398496, 0.9339721473335509]], "fy": 2943.69, "fx": 2949.8900000000003}, {"id": 18, "img_name": "0019.jpg", "width": 2642, "height": 1962, "position": [-5.187297952517861, 0.4389403499860434, 1.7708292054166341], "rotation": [[0.8539662484833295, 0.08029651256584185, 0.5140956537194211], [-0.08478311281261598, 0.9962898554790364, -0.014776784457144898], [-0.5133748093598267, -0.03096771943255254, 0.8576056929156127]], "fy": 2944.3, "fx": 2951.81}]